34
936
11
162
250
304
750
889
56
627
356
29
152
137
242
649
493
498
818
522
386
141
828
482
605
334
712
528
68
369
993
561
896
442
349
794
121
392
644
316
66
74
656
781
126
786
963
843
57
940
684
816
12
509
787
223
5
715
614
379
426
687
163
429
887
176
139
997
330
922
604
576
708
646
234
300
639
523
419
355
55
130
338
129
307
274
752
771
618
358
552
15
312
789
795
481
267
653
415
281
240
314
910
550
325
255
378
197
667
443
921
937
829
400
245
758
535
914
999
318
840
929
836
701
666
907
331
933
458
441
885
850
455
970
483
952
995
463
456
67
490
742
196
363
33
217
418
955
966
555
253
261
13
599
883
683
120
477
854
965
371
575
564
27
453
908
844
976
629
835
86
407
452
377
723
791
215
677
471
353
63
161
8
350
930
624
372
866
195
642
864
589
296
757
140
754
91
264
890
761
884
597
226
158
941
938
834
915
603
775
448
973
808
857
868
685
142
180
601
107
737
71
122
581
879
106
610
678
32
16
862
802
512
239
31
30
19
558
43
944
147
979
877
194
70
77
83
635
607
370
208
432
920
292
98
20
960
100
28
867
516
594
359
164
185
926
950
227
693
225
459
974
990
362
404
586
735
101
617
165
591
69
171
824
81
855
686
543
387
198
221
35
117
479
431
544
630
853
958
647
14
278
713
228
705
870
792
760
788
233
332
131
94
310
383
917
289
912
904
500
743
770
909
169
898
220
95
127
299
590
651
899
322
144
212
469
991
959
746
579
124
530
638
714
534
440
214
280
846
969
136
437
480
186
279
733
985
313
424
403
654
548
385
118
570
236
540
252
631
149
731
484
978
650
582
565
611
123
241
168
703
980
410
1
711
772
396
111
626
167
567
814
675
335
858
734
876
766
988
726
422
568
183
48
954
704
230
805
577
874
90
504
719
517
177
803
22
428
943
305
104
0
935
96
526
343
636
573
881
97
660
797
633
861
595
962
206
193
46
739
53
207
268
851
916
982
148
323
524
391
184
875
367
231
155
769
135
263
446
659
439
643
143
427
224
600
783
729
537
669
671
232
254
539
421
270
381
697
321
298
420
583
178
382
342
817
192
92
566
460
52
510
461
389
328
878
679
200
293
113
882
466
895
748
531
751
801
756
188
983
465
488
625
542
869
736
210
412
494
515
641
287
170
109
199
173
187
50
259
7
326
156
166
271
303
417
346
393
975
849
347
598
182
826
64
146
311
333
257
399
445
285
527
425
724
39
116
436
506
248
450
556
78
706
819
273
153
405
799
924
986
486
102
373
827
872
519
664
365
485
707
388
894
648
665
747
249
563
375
987
301
179
559
237
892
51
505
574
269
765
